starting task 
using 4 CPUs
Sat Feb 25 14:08:41 EST 2023
1.0216
1.026
1.0256
1.02
1.0210000000000001
1.0236
1.0199999999999998
1.022
1.023
1.0248
1.0216
1.0270000000000001
1.0252
1.0216
1.0232
1.0216
1.021
1.0210000000000001
1.0211999999999999
1.0282
1.0191999999999999
1.0268000000000002
1.0238
1.0204
1.0246
1.0186
1.0246000000000002
1.0255999999999998
1.0228
1.0258
1.0222
1.0257999999999998
1.0214
1.0268
1.0226
1.0252
1.0231999999999999
1.0204
1.0176
1.0211999999999999
1.0208000000000002
1.0246000000000002
1.0258
1.0217999999999998
1.0198
1.0206
1.0256
1.0167999999999997
1.0228
1.0236
1.0246
1.026
1.0218
1.0234
1.0223999999999998
1.0234
1.02
1.0222
1.0194
1.0216
1.0284000000000002
1.0268
1.0210000000000001
1.0173999999999999
1.0236
1.0216
1.0258
1.0216
1.0241999999999998
1.0226
1.0266
1.023
1.0176
1.0226
1.0210000000000001
1.0224
1.0244000000000002
1.0253999999999999
1.026
1.0232
[[ 0.1952  0.0195 -0.1408  0.192 ]
 [-0.0595 -0.1963  0.2     0.2495]
 [-0.1205  0.1371 -0.2298 -0.136 ]
 [-0.1926 -0.0358 -0.1646  0.0027]
 [ 0.307   0.3225  0.3399 -0.0941]
 [ 0.2759  0.2291  0.0271  0.4168]
 [-0.0883  0.0952 -0.1073 -0.2228]
 [-0.1049 -0.2099 -0.2036 -0.2689]
 [ 0.7743  0.4721  0.6052  0.6249]
 [ 0.4749  0.8713  1.0557  0.4569]
 [-0.0659 -0.0788 -0.0574 -0.0449]
 [-0.2439 -0.1138 -0.1923 -0.1264]
 [-0.3894 -0.2898 -0.3743 -0.3465]
 [-0.4474 -0.0327 -0.0917 -0.1867]
 [-0.136  -0.1451  0.2633 -0.0518]
 [-0.5077 -0.5879 -0.194  -0.1577]
 [-0.6163 -0.9458 -1.3789 -1.0403]
 [-0.5926 -0.5118 -0.7058 -0.345 ]
 [-0.2088 -0.3283 -0.468  -0.5877]
 [-0.4117 -0.3482 -0.6325 -0.5761]]
Iteration 0
[[5.86615299e-03 8.18345111e-02 9.06144740e-01 6.15459558e-03]
 [1.13461622e-01 8.83123138e-01 2.31396996e-03 1.10127064e-03]
 [1.34493078e-01 2.82218873e-03 6.92988033e-01 1.69696701e-01]
 [5.53817437e-01 5.27115764e-02 3.63883986e-01 2.95870006e-02]
 [2.42398607e-03 1.92112955e-03 1.47980944e-03 9.94175075e-01]
 [2.22711453e-02 4.49383660e-02 9.30099814e-01 2.69067450e-03]
 [1.00877300e-01 6.43276802e-03 1.34142803e-01 7.58547128e-01]
 [4.55981883e-02 2.20273066e-01 2.00410545e-01 5.33718201e-01]
 [8.61509329e-03 8.01524628e-01 1.08854889e-01 8.10053902e-02]
 [4.32386560e-01 1.13124637e-03 7.11702777e-05 5.66411023e-01]
 [2.61535571e-01 3.17370639e-01 2.30228041e-01 1.90865750e-01]
 [5.63430808e-01 8.00414429e-02 2.59834408e-01 9.66933409e-02]
 [3.92581400e-01 8.81239110e-02 3.13012743e-01 2.06281946e-01]
 [9.73865127e-01 1.93628816e-03 4.69159599e-03 1.95069892e-02]
 [4.11257917e-01 4.71406393e-01 1.03016662e-03 1.16305524e-01]
 [2.30182170e-01 7.66527857e-01 2.08208759e-03 1.20788517e-03]
 [1.06845075e-05 1.49711439e-03 9.92313924e-01 6.17827751e-03]
 [1.47384115e-01 4.38617308e-02 8.05160958e-01 3.59319653e-03]
 [2.85882420e-03 1.71656522e-02 1.39548250e-01 8.40427273e-01]
 [2.46299489e-02 9.50162786e-03 6.75844580e-01 2.90023843e-01]]
Iteration 1
[[6.19628332e-03 8.30757115e-02 9.04944273e-01 5.78373232e-03]
 [1.21996482e-01 8.74627614e-01 2.30647803e-03 1.06942594e-03]
 [1.34576186e-01 2.46846746e-03 7.00951900e-01 1.62003447e-01]
 [5.51941737e-01 5.38315825e-02 3.65179719e-01 2.90469608e-02]
 [2.30407702e-03 1.65722540e-03 1.42630145e-03 9.94612396e-01]
 [2.13167085e-02 4.18549245e-02 9.34372659e-01 2.45570777e-03]
 [9.09639934e-02 6.39969557e-03 1.44918191e-01 7.57718120e-01]
 [4.72712626e-02 2.15193294e-01 2.31665504e-01 5.05869940e-01]
 [8.09881733e-03 7.98051985e-01 1.07218240e-01 8.66309574e-02]
 [4.23161107e-01 1.07134839e-03 6.21076721e-05 5.75705437e-01]
 [2.33443157e-01 3.09471074e-01 2.57528475e-01 1.99557294e-01]
 [5.45722290e-01 8.12095878e-02 2.77380097e-01 9.56880258e-02]
 [4.27292491e-01 8.12076931e-02 2.97271077e-01 1.94228739e-01]
 [9.74701599e-01 1.87958495e-03 4.74893205e-03 1.86698836e-02]
 [4.12515560e-01 4.52093317e-01 9.56954708e-04 1.34434168e-01]
 [2.38383848e-01 7.58228095e-01 2.23480767e-03 1.15324896e-03]
 [8.70325242e-06 1.27181038e-03 9.92568994e-01 6.15049195e-03]
 [1.34083527e-01 4.00578247e-02 8.23069576e-01 2.78907274e-03]
 [2.43527696e-03 1.67095328e-02 1.41313627e-01 8.39541564e-01]
 [2.33497069e-02 9.82482544e-03 6.69024681e-01 2.97800787e-01]]
[[ 2.00874015e-01  2.57715459e-02 -1.42251459e-01  1.93790899e-01]
 [-5.61966440e-02 -1.90197363e-01  1.98247210e-01  2.60928027e-01]
 [-1.18122348e-01  1.36907783e-01 -2.34492251e-01 -1.38713968e-01]
 [-2.00710864e-01 -3.91650537e-02 -1.71097501e-01  1.16999997e-03]
 [ 3.17017255e-01  3.28400588e-01  3.42160420e-01 -9.02447968e-02]
 [ 2.82735731e-01  2.30159683e-01  2.00472356e-02  4.19586945e-01]
 [-8.56938024e-02  9.92022248e-02 -1.11135831e-01 -2.24833026e-01]
 [-1.03304917e-01 -2.16286583e-01 -2.09517504e-01 -2.75277350e-01]
 [ 7.76098112e-01  4.76884098e-01  6.05606592e-01  6.27430563e-01]
 [ 4.79158933e-01  8.85669477e-01  1.05966567e+00  4.56648160e-01]
 [-6.28311532e-02 -7.82020064e-02 -6.05659983e-02 -4.64569227e-02]
 [-2.40170936e-01 -1.14290543e-01 -1.92044368e-01 -1.34308741e-01]
 [-3.90027681e-01 -2.83443970e-01 -3.69247332e-01 -3.41479303e-01]
 [-4.45534733e-01 -2.73330774e-02 -8.97619045e-02 -1.78844166e-01]
 [-1.34613035e-01 -1.43183873e-01  2.69462977e-01 -5.95118139e-02]
 [-5.07095318e-01 -5.87329360e-01 -1.93269041e-01 -1.59859634e-01]
 [-6.11977983e-01 -9.36584776e-01 -1.38041098e+00 -1.03024567e+00]
 [-5.87641764e-01 -5.01840554e-01 -7.06406171e-01 -3.37472014e-01]
 [-2.01729085e-01 -3.24447511e-01 -4.68623737e-01 -5.89771279e-01]
 [-4.11024611e-01 -3.46580070e-01 -6.30540524e-01 -5.79959508e-01]]
Finish Run
end time is Sat Feb 25 14:10:28 EST 2023
