starting task 
using 4 CPUs
Sat Feb 25 14:12:07 EST 2023
1.0312499999999998
1.0224999999999997
1.0275
1.0191666666666666
1.02
1.0224999999999997
1.0208333333333335
1.0166666666666666
1.030833333333333
1.0191666666666666
1.0266666666666666
1.0266666666666666
1.0108333333333333
1.023333333333333
1.0241666666666667
1.0241666666666667
1.0233333333333332
1.0233333333333332
1.0333333333333332
1.0325
1.0258333333333334
1.0191666666666666
1.0258333333333332
1.0233333333333332
1.0208333333333333
1.02
1.0225
1.025
1.0174999999999998
1.0266666666666666
1.0191666666666666
1.0233333333333332
1.0241666666666664
1.0183333333333333
1.0199999999999998
1.0266666666666666
1.0141666666666664
1.0266666666666666
1.0266666666666666
1.0225
1.0233333333333332
1.0216666666666667
1.0208333333333335
1.0266666666666666
1.0175
1.02
1.0141666666666667
1.028333333333333
1.0241666666666664
1.0208333333333333
1.0191666666666666
1.025
1.0241666666666667
1.0316666666666665
1.0241666666666664
1.0191666666666666
1.0225
1.02
1.0274999999999999
1.03
1.0241666666666664
1.025
1.033333333333333
1.0216666666666665
1.0241666666666667
1.0241666666666664
1.028333333333333
1.0316666666666665
1.0249999999999997
1.0249999999999997
1.0249999999999997
1.0233333333333332
1.0274999999999996
1.0183333333333333
1.0191666666666666
1.0208333333333333
1.0208333333333333
1.0199999999999998
1.0341666666666665
1.0375
[[-1.345  0.24  -0.045 -0.015]
 [ 0.18  -0.03   0.07   0.165]
 [-0.27  -0.03  -0.185 -0.165]
 [ 0.105 -0.16  -0.245 -0.225]
 [ 0.135  0.28   0.005  0.025]
 [ 0.115  0.135  0.215  0.205]
 [ 0.045  0.1    0.025 -0.125]
 [-0.095 -0.225 -0.11  -0.01 ]
 [ 0.575  0.705  0.53   0.465]
 [ 0.625  0.49   0.51   0.535]
 [-0.055  0.215 -0.04  -0.22 ]
 [-0.185 -0.015  0.165 -0.245]
 [-0.36  -0.26   0.045 -0.1  ]
 [-0.19  -0.42   0.015 -0.175]
 [-0.26  -0.35  -0.335 -0.19 ]
 [-0.25  -0.225 -0.48  -0.06 ]
 [-0.925 -1.095 -0.985 -1.11 ]
 [-0.685 -0.425 -0.845 -0.46 ]
 [-0.32  -0.455 -0.295 -0.435]
 [-0.39  -0.31  -0.52  -0.735]]
Iteration 0
[[9.99999994e-01 4.72768672e-11 3.39826780e-09 2.16683122e-09]
 [3.24724169e-02 7.57778418e-01 1.69083220e-01 4.06659453e-02]
 [6.60605722e-01 1.80502074e-02 1.84593697e-01 1.36750374e-01]
 [2.59073164e-03 1.37956763e-01 4.93706061e-01 3.65746445e-01]
 [7.49104321e-02 8.51043588e-03 5.26522023e-01 3.90057109e-01]
 [4.49804385e-01 3.33223284e-01 1.00364924e-01 1.16607406e-01]
 [6.41223040e-02 2.81006374e-02 8.65560568e-02 8.21221002e-01]
 [1.04597683e-01 7.35184432e-01 1.30990054e-01 2.92278317e-02]
 [1.20289365e-01 1.71140577e-02 2.36252280e-01 6.26344297e-01]
 [5.54137656e-02 4.19820836e-01 3.11010925e-01 2.13754474e-01]
 [7.30052464e-02 1.27192475e-03 5.82958733e-02 8.67426956e-01]
 [2.82252077e-01 2.20387124e-02 1.48112297e-03 6.94228087e-01]
 [8.02779726e-01 1.79124369e-01 1.84610933e-03 1.62497961e-02]
 [2.99894154e-02 9.44678350e-01 1.38519995e-03 2.39470346e-02]
 [1.20662483e-01 4.65446544e-01 3.71666615e-01 4.22243579e-02]
 [3.00792354e-02 2.06731360e-02 9.47507716e-01 1.73991294e-03]
 [3.09546406e-02 3.96439295e-01 7.61361303e-02 4.96469934e-01]
 [8.27976573e-02 1.67598285e-03 9.12693180e-01 2.83318003e-03]
 [6.72227275e-02 5.09286841e-01 4.62014599e-02 3.77288971e-01]
 [5.40171192e-03 1.62696436e-03 3.79669455e-02 9.55004378e-01]]
Iteration 1
[[9.99999985e-01 8.59087851e-11 3.99206924e-09 1.07566127e-08]
 [7.57831774e-02 8.08563406e-01 7.68552923e-02 3.87981246e-02]
 [7.85470087e-01 1.13189231e-02 1.18024854e-01 8.51861355e-02]
 [3.55054942e-03 1.44100265e-01 4.51920802e-01 4.00428384e-01]
 [5.48426446e-02 1.36940828e-02 4.16266844e-01 5.15196428e-01]
 [3.56128165e-01 5.18838133e-01 4.97632407e-02 7.52704607e-02]
 [5.30000395e-02 3.89294286e-02 7.13641990e-02 8.36706333e-01]
 [1.20162445e-01 7.28254065e-01 1.23159669e-01 2.84238207e-02]
 [1.38842446e-01 1.97120073e-02 1.32821531e-01 7.08624015e-01]
 [3.93071353e-02 4.82740392e-01 3.72859280e-01 1.05093192e-01]
 [2.41399791e-01 1.18690639e-03 4.13930995e-02 7.16020203e-01]
 [4.78836899e-01 2.96995319e-02 1.70471876e-03 4.89758850e-01]
 [7.12182943e-01 2.52600531e-01 1.65843742e-03 3.35580883e-02]
 [2.03147756e-02 9.36032974e-01 8.88393413e-04 4.27638572e-02]
 [1.86331662e-01 4.26918236e-01 3.35600634e-01 5.11494682e-02]
 [4.89756832e-02 4.87867001e-02 8.98575230e-01 3.66238686e-03]
 [2.03686525e-02 4.62352863e-01 8.44304657e-02 4.32848018e-01]
 [3.19356955e-01 1.90101693e-03 6.74589909e-01 4.15211909e-03]
 [1.18775384e-01 3.92067403e-01 4.21284077e-02 4.47028805e-01]
 [5.67731515e-03 2.05172483e-03 2.08266002e-02 9.71444360e-01]]
Iteration 2
[[9.99999985e-01 1.40502307e-10 7.24933358e-09 7.41363360e-09]
 [1.04761564e-01 7.72373804e-01 8.78691562e-02 3.49954760e-02]
 [7.07304933e-01 1.06584819e-02 1.55387418e-01 1.26649167e-01]
 [4.78793284e-03 1.47641375e-01 5.48048044e-01 2.99522648e-01]
 [5.13579439e-02 6.83120078e-03 3.02533958e-01 6.39276897e-01]
 [3.40220307e-01 5.02495723e-01 5.50912272e-02 1.02192743e-01]
 [1.03757938e-01 5.29914526e-02 7.85936971e-02 7.64656912e-01]
 [1.01340534e-01 7.48235252e-01 1.19441521e-01 3.09826931e-02]
 [1.28488655e-01 2.64721294e-02 3.09658910e-01 5.35380305e-01]
 [1.06629921e-01 4.56318935e-01 2.54930273e-01 1.82120871e-01]
 [2.52843464e-01 1.99014425e-03 6.74256607e-02 6.77740731e-01]
 [2.78783334e-01 1.66908065e-02 1.45023289e-03 7.03075626e-01]
 [5.57991622e-01 4.08201523e-01 2.30732292e-03 3.14995318e-02]
 [6.92067399e-02 8.51270538e-01 1.53572911e-03 7.79869928e-02]
 [1.48869766e-01 5.07556988e-01 2.75892412e-01 6.76808346e-02]
 [3.29913308e-02 2.76010413e-02 9.37334918e-01 2.07271012e-03]
 [4.79679916e-02 3.22665618e-01 8.95592144e-02 5.39807176e-01]
 [4.14206117e-01 4.66270516e-03 5.76773549e-01 4.35762899e-03]
 [1.40777810e-01 3.36165878e-01 5.16020046e-02 4.71454307e-01]
 [1.00693290e-02 3.80732469e-03 7.03083208e-02 9.15815025e-01]]
Iteration 3
[[9.99999990e-01 7.77460194e-11 2.67928207e-09 7.28107240e-09]
 [1.40539182e-01 6.71343193e-01 1.18520745e-01 6.95968801e-02]
 [6.92189446e-01 2.63428886e-02 1.74556079e-01 1.06911586e-01]
 [5.09391484e-03 1.52556492e-01 4.31733507e-01 4.10616087e-01]
 [5.23959913e-02 1.52135987e-02 3.74316321e-01 5.58074089e-01]
 [2.73295738e-01 6.55860223e-01 3.13191855e-02 3.95248537e-02]
 [1.00758516e-01 3.59316540e-02 8.70524315e-02 7.76257399e-01]
 [9.57432220e-02 7.29932851e-01 1.58265299e-01 1.60586280e-02]
 [1.52937380e-01 3.19336734e-02 3.21758842e-01 4.93370105e-01]
 [5.26108059e-02 3.84270162e-01 3.92599923e-01 1.70519109e-01]
 [2.23579406e-01 1.56906206e-03 3.54972470e-02 7.39354285e-01]
 [4.90673830e-01 2.88052026e-02 1.74952710e-03 4.78771440e-01]
 [6.10401863e-01 3.58084152e-01 1.58744817e-03 2.99265369e-02]
 [4.42266425e-02 8.92797354e-01 1.55507911e-03 6.14209240e-02]
 [2.20916727e-01 4.47195603e-01 2.80676871e-01 5.12107995e-02]
 [2.63946171e-02 2.50632160e-02 9.45963468e-01 2.57869853e-03]
 [2.42994853e-02 3.58381306e-01 7.02612663e-02 5.47057943e-01]
 [2.07441285e-01 2.74659139e-03 7.81941427e-01 7.87069660e-03]
 [8.59747124e-02 4.35819481e-01 6.67214041e-02 4.11484403e-01]
 [8.98589230e-03 2.09158390e-03 4.91471276e-02 9.39775396e-01]]
Iteration 4
[[9.99999989e-01 1.04108311e-10 3.22219524e-09 7.34639122e-09]
 [1.08207912e-01 7.24107895e-01 1.08609655e-01 5.90745383e-02]
 [6.24637320e-01 2.52438830e-02 1.94081357e-01 1.56037440e-01]
 [3.70520789e-03 2.18072128e-01 4.61756502e-01 3.16466162e-01]
 [6.87688883e-02 1.52926252e-02 2.66003421e-01 6.49935065e-01]
 [4.27811867e-01 4.04897044e-01 7.46076288e-02 9.26834600e-02]
 [1.04782515e-01 2.74124554e-02 6.87243607e-02 7.99080669e-01]
 [1.36605461e-01 6.61125735e-01 1.78468269e-01 2.38005349e-02]
 [8.80778218e-02 1.77841009e-02 2.18317298e-01 6.75820780e-01]
 [7.69655983e-02 5.48371558e-01 2.64241791e-01 1.10421053e-01]
 [2.81280640e-01 2.81836046e-03 7.87366644e-02 6.37164335e-01]
 [4.85768860e-01 2.04628791e-02 2.08626469e-03 4.91681996e-01]
 [6.92388499e-01 2.80375303e-01 8.85470284e-04 2.63507286e-02]
 [3.85382567e-02 8.87398712e-01 1.52630737e-03 7.25367241e-02]
 [1.54858978e-01 3.16911878e-01 4.49952328e-01 7.82768170e-02]
 [5.22766711e-02 3.39361040e-02 9.10906353e-01 2.88087187e-03]
 [3.23168695e-02 2.07204536e-01 8.66785291e-02 6.73800066e-01]
 [3.41717933e-01 3.01840451e-03 6.47621801e-01 7.64186217e-03]
 [6.54076885e-02 5.59992448e-01 3.90040383e-02 3.35595825e-01]
 [5.27484285e-03 2.41849503e-03 3.47198071e-02 9.57586855e-01]]
Iteration 5
[[9.99999991e-01 5.40802280e-11 2.67952306e-09 6.51239925e-09]
 [8.28380586e-02 7.64255873e-01 1.19380521e-01 3.35255473e-02]
 [7.51443160e-01 1.75415772e-02 1.09827872e-01 1.21187390e-01]
 [4.14844246e-03 1.71991602e-01 3.70709830e-01 4.53150126e-01]
 [6.04907441e-02 9.91176039e-03 3.20469738e-01 6.09127757e-01]
 [4.25690919e-01 4.72020826e-01 3.44683867e-02 6.78198686e-02]
 [1.26964124e-01 5.62339378e-02 1.28049499e-01 6.88752439e-01]
 [9.43423399e-02 7.06798054e-01 1.68788144e-01 3.00714620e-02]
 [1.51930842e-01 2.02654687e-02 2.44571008e-01 5.83232682e-01]
 [2.85825168e-02 3.62899298e-01 3.98366457e-01 2.10151729e-01]
 [3.15230284e-01 1.83535575e-03 7.53316755e-02 6.07602684e-01]
 [2.90363100e-01 3.79756241e-02 2.54509589e-03 6.69116180e-01]
 [6.54390481e-01 3.11920580e-01 2.28309317e-03 3.14058453e-02]
 [5.13507639e-02 9.09870709e-01 8.98134218e-04 3.78803930e-02]
 [1.73590477e-01 4.23107719e-01 3.36550835e-01 6.67509696e-02]
 [2.89107144e-02 1.97321277e-02 9.49372297e-01 1.98486092e-03]
 [3.11676664e-02 3.84785348e-01 7.30868371e-02 5.10960148e-01]
 [1.87021081e-01 3.26874580e-03 8.04964434e-01 4.74573864e-03]
 [1.20239130e-01 5.72610163e-01 5.22106383e-02 2.54940069e-01]
 [1.19725546e-02 3.18138177e-03 4.96508744e-02 9.35195189e-01]]
Iteration 6
[[9.99999987e-01 1.19180624e-10 5.71823628e-09 7.49114868e-09]
 [1.36551274e-01 7.11112997e-01 1.04359658e-01 4.79760714e-02]
 [7.03309126e-01 1.90338421e-02 1.67894912e-01 1.09762120e-01]
 [3.25829182e-03 1.46237251e-01 4.91178551e-01 3.59325906e-01]
 [4.17110899e-02 1.08288630e-02 3.07294397e-01 6.40165650e-01]
 [3.42378084e-01 5.31951784e-01 4.79874035e-02 7.76827290e-02]
 [1.40833035e-01 3.52098576e-02 7.82088572e-02 7.45748250e-01]
 [1.12385740e-01 7.05245783e-01 1.48028901e-01 3.43395764e-02]
 [1.22238566e-01 1.66735982e-02 2.95428068e-01 5.65659767e-01]
 [5.72753187e-02 5.70875145e-01 2.08474533e-01 1.63375003e-01]
 [2.22205515e-01 1.48208530e-03 5.12833124e-02 7.25029087e-01]
 [3.37815283e-01 2.31199517e-02 1.76902177e-03 6.37295743e-01]
 [5.95763473e-01 3.72960084e-01 1.09738136e-03 3.01790613e-02]
 [2.85294101e-02 8.14407494e-01 2.01167564e-03 1.55051420e-01]
 [1.18643145e-01 5.23350209e-01 3.09267301e-01 4.87393445e-02]
 [4.05480031e-02 2.08703870e-02 9.35894301e-01 2.68730901e-03]
 [3.79794503e-02 3.35296599e-01 5.72211527e-02 5.69502798e-01]
 [2.63361462e-01 2.41440701e-03 7.29248886e-01 4.97524528e-03]
 [5.97628668e-02 4.89657075e-01 5.84085496e-02 3.92171509e-01]
 [4.39490577e-03 1.79987651e-03 4.43891106e-02 9.49416107e-01]]
Iteration 7
[[9.99999988e-01 1.14111634e-10 3.41102442e-09 7.98272228e-09]
 [1.37600931e-01 7.22563969e-01 9.73919781e-02 4.24431219e-02]
 [7.00455221e-01 1.80538632e-02 1.38411364e-01 1.43079551e-01]
 [3.30555730e-03 2.27662362e-01 3.51451346e-01 4.17580735e-01]
 [5.11025245e-02 9.69570288e-03 2.20321212e-01 7.18880560e-01]
 [5.44341133e-01 3.43550047e-01 3.34642118e-02 7.86446080e-02]
 [1.26527677e-01 3.28501268e-02 9.52976690e-02 7.45324527e-01]
 [9.12713742e-02 7.34736725e-01 1.46718976e-01 2.72729253e-02]
 [1.16074319e-01 2.07871980e-02 2.98721702e-01 5.64416781e-01]
 [6.24714764e-02 3.29930644e-01 3.25212024e-01 2.82385855e-01]
 [2.38688183e-01 2.22134371e-03 8.00871033e-02 6.79003370e-01]
 [2.98358149e-01 2.06399888e-02 2.69941808e-03 6.78302444e-01]
 [7.49219713e-01 2.28768503e-01 1.07135878e-03 2.09404251e-02]
 [6.08408195e-02 8.50664554e-01 1.44818070e-03 8.70464453e-02]
 [1.34212323e-01 4.95522405e-01 3.34599792e-01 3.56654804e-02]
 [5.35652459e-02 2.72373878e-02 9.16852720e-01 2.34464592e-03]
 [3.52516115e-02 3.82377046e-01 9.95244595e-02 4.82846883e-01]
 [1.94877673e-01 2.11524128e-03 7.99539856e-01 3.46723000e-03]
 [1.20279624e-01 4.98528199e-01 6.61820014e-02 3.15010175e-01]
 [5.86062157e-03 2.37955259e-03 5.11822299e-02 9.40577596e-01]]
Iteration 8
[[9.99999982e-01 9.43332601e-11 4.81443418e-09 1.31514007e-08]
 [8.94124885e-02 7.71932444e-01 9.83680191e-02 4.02870481e-02]
 [7.82606133e-01 1.56157902e-02 9.19759550e-02 1.09802122e-01]
 [4.89785840e-03 1.07943483e-01 4.30758150e-01 4.56400509e-01]
 [5.81754959e-02 9.01691723e-03 3.36930000e-01 5.95877587e-01]
 [4.18358127e-01 4.42732194e-01 5.29074703e-02 8.60022082e-02]
 [9.02829504e-02 4.53813135e-02 3.12961611e-02 8.33039575e-01]
 [1.25854006e-01 7.00721297e-01 1.39165137e-01 3.42595594e-02]
 [1.30424760e-01 2.07708943e-02 1.49052046e-01 6.99752299e-01]
 [5.45536692e-02 4.76735601e-01 2.55104563e-01 2.13606167e-01]
 [2.12145490e-01 7.72242904e-04 3.01677738e-02 7.56914493e-01]
 [3.18514579e-01 2.38351104e-02 1.47741308e-03 6.56172898e-01]
 [6.20987149e-01 3.55022095e-01 2.34642143e-03 2.16443342e-02]
 [6.41949635e-02 8.52513974e-01 1.77322914e-03 8.15178331e-02]
 [1.51499535e-01 3.30842989e-01 4.57232966e-01 6.04245104e-02]
 [3.23743389e-02 3.11108878e-02 9.34269600e-01 2.24517313e-03]
 [4.50347419e-02 2.84947244e-01 8.10565707e-02 5.88961444e-01]
 [3.07984758e-01 3.04938323e-03 6.83606937e-01 5.35892256e-03]
 [1.17344487e-01 4.93821566e-01 5.07341697e-02 3.38099778e-01]
 [9.80033037e-03 2.48615168e-03 3.81783864e-02 9.49535132e-01]]
Iteration 9
[[9.99999991e-01 8.80320661e-11 3.50836752e-09 5.47135039e-09]
 [1.55398659e-01 6.83310319e-01 1.14618272e-01 4.66727497e-02]
 [6.94730227e-01 2.25966890e-02 1.40327357e-01 1.42345727e-01]
 [3.45932137e-03 1.38972318e-01 5.14696974e-01 3.42871387e-01]
 [6.84177080e-02 1.57890867e-02 2.17122368e-01 6.98670837e-01]
 [3.33706275e-01 5.23759077e-01 4.13209965e-02 1.01213651e-01]
 [1.07020448e-01 4.23544850e-02 7.88024598e-02 7.71822607e-01]
 [1.25078944e-01 7.28416999e-01 1.13896098e-01 3.26079586e-02]
 [1.13699289e-01 1.18599358e-02 2.36168795e-01 6.38271981e-01]
 [5.43926349e-02 3.64961758e-01 2.98552354e-01 2.82093253e-01]
 [2.85519133e-01 1.66655521e-03 4.84783552e-02 6.64335956e-01]
 [3.79698406e-01 2.67752817e-02 1.51830055e-03 5.92008011e-01]
 [6.86504560e-01 2.74343986e-01 2.87273303e-03 3.62787201e-02]
 [4.54985799e-02 8.91529488e-01 1.59443859e-03 6.13774936e-02]
 [1.61752889e-01 4.40169439e-01 3.48907970e-01 4.91697015e-02]
 [2.70872927e-02 1.58323064e-02 9.55865136e-01 1.21526480e-03]
 [3.76341450e-02 3.89285245e-01 1.33196083e-01 4.39884527e-01]
 [1.76402201e-01 2.23926998e-03 8.17650250e-01 3.70827877e-03]
 [1.13118626e-01 3.66632928e-01 8.25070568e-02 4.37741390e-01]
 [6.48553170e-03 2.43655324e-03 5.37939823e-02 9.37283933e-01]]
[[-1.41466401e+00  1.46819070e-01 -7.21483790e-02 -1.59962066e-01]
 [ 9.92709831e-02 -4.46250559e-02  1.06775416e-01  1.71967568e-01]
 [-2.20904837e-01 -3.84653443e-02 -1.31609875e-01 -1.26906625e-01]
 [ 1.03770363e-01 -1.26760103e-01 -2.05820751e-01 -1.77650861e-01]
 [ 9.80103968e-02  2.16131117e-01  9.09642898e-05 -3.53657215e-02]
 [ 1.38113452e-01  6.37194496e-02  2.48578995e-01  2.04606608e-01]
 [ 5.66438315e-02  9.50370605e-02  7.73690042e-02 -9.70147660e-02]
 [-7.11433468e-02 -1.74793934e-01 -7.19847476e-02  4.32225163e-02]
 [ 4.97789119e-01  6.32440966e-01  4.77606741e-01  3.77137994e-01]
 [ 5.53985008e-01  4.43189526e-01  4.62488455e-01  4.76631457e-01]
 [-1.10623343e-01  2.12650214e-01 -2.90796787e-04 -1.85845864e-01]
 [-1.46044182e-01 -1.38735685e-02  1.83530221e-01 -1.92413632e-01]
 [-3.81327028e-01 -3.06885080e-01  1.46452772e-02 -1.42684093e-01]
 [-2.10803023e-01 -4.07142318e-01  5.30002279e-02 -2.47615184e-01]
 [-2.39734544e-01 -3.01326682e-01 -3.19271468e-01 -1.47483499e-01]
 [-2.23816330e-01 -1.82222074e-01 -4.43378101e-01 -6.13187698e-02]
 [-9.85601685e-01 -1.14897148e+00 -1.07732214e+00 -1.18746701e+00]
 [-7.39098375e-01 -4.10348430e-01 -7.87098725e-01 -4.52948767e-01]
 [-2.99989578e-01 -4.10070959e-01 -2.68496280e-01 -4.02936080e-01]
 [-3.79391147e-01 -2.96015471e-01 -5.07565528e-01 -6.99020187e-01]]
Finish Run
end time is Sat Feb 25 14:13:29 EST 2023
